79.0
61.0
85.0
61.0
91.0
61.0
97.0
61.0
103.0
61.0
110.0
61.0
116.0
61.0
122.0
61.0
128.0
63.0
133.0
64.0
138.0
65.0
143.0
66.0
148.0
68.0
153.0
71.0
158.0
74.0
159.0
79.0
162.0
84.0
164.0
89.0
164.0
95.0
164.0
101.0
164.0
107.0
164.0
113.0
164.0
119.0
160.0
124.0
155.0
127.0
150.0
128.0
145.0
130.0
140.0
131.0
134.0
133.0
128.0
133.0
122.0
133.0
116.0
133.0
111.0
134.0
105.0
134.0
99.0
134.0
93.0
134.0
91.0
129.0
89.0
124.0
85.0
119.0
83.0
114.0
83.0
108.0
81.0
103.0
80.0
98.0
80.0
92.0
80.0
86.0
81.0
80.0
83.0
75.0
83.0
69.0
