85.0
178.0
92.0
178.0
98.0
178.0
105.0
178.0
112.0
178.0
118.0
178.0
124.0
178.0
130.0
178.0
135.0
179.0
140.0
180.0
146.0
180.0
152.0
182.0
157.0
183.0
162.0
184.0
167.0
186.0
172.0
188.0
178.0
190.0
183.0
192.0
188.0
195.0
189.0
200.0
189.0
206.0
189.0
212.0
187.0
218.0
183.0
223.0
178.0
226.0
172.0
228.0
166.0
229.0
160.0
229.0
153.0
229.0
147.0
229.0
141.0
229.0
135.0
229.0
129.0
229.0
123.0
229.0
118.0
228.0
112.0
228.0
107.0
227.0
102.0
226.0
97.0
225.0
93.0
221.0
90.0
216.0
89.0
211.0
88.0
206.0
87.0
201.0
87.0
195.0
87.0
189.0
