57.0
48.0
64.0
47.0
70.0
46.0
76.0
46.0
82.0
45.0
88.0
45.0
97.0
45.0
103.0
45.0
109.0
46.0
115.0
47.0
122.0
47.0
128.0
48.0
134.0
49.0
140.0
49.0
147.0
49.0
152.0
50.0
159.0
51.0
164.0
53.0
169.0
55.0
174.0
58.0
179.0
61.0
183.0
66.0
186.0
72.0
189.0
77.0
192.0
82.0
194.0
87.0
196.0
93.0
199.0
100.0
200.0
106.0
200.0
112.0
200.0
118.0
199.0
124.0
196.0
129.0
192.0
134.0
187.0
138.0
181.0
141.0
175.0
144.0
168.0
149.0
162.0
152.0
157.0
155.0
152.0
158.0
147.0
160.0
152.0
162.0
159.0
162.0
168.0
162.0
176.0
162.0
183.0
162.0
189.0
162.0
195.0
164.0
202.0
166.0
207.0
168.0
212.0
170.0
217.0
173.0
222.0
177.0
228.0
182.0
232.0
186.0
235.0
191.0
239.0
196.0
239.0
203.0
239.0
209.0
238.0
216.0
234.0
221.0
229.0
225.0
225.0
230.0
220.0
234.0
215.0
238.0
210.0
240.0
205.0
243.0
200.0
245.0
195.0
246.0
190.0
247.0
183.0
247.0
175.0
247.0
168.0
247.0
160.0
247.0
153.0
247.0
146.0
247.0
140.0
247.0
133.0
247.0
127.0
247.0
121.0
247.0
114.0
245.0
107.0
244.0
101.0
244.0
95.0
244.0
89.0
244.0
84.0
242.0
78.0
239.0
72.0
235.0
67.0
232.0
63.0
228.0
61.0
223.0
58.0
218.0
56.0
213.0
55.0
208.0
55.0
202.0
55.0
194.0
55.0
188.0
55.0
182.0
55.0
176.0
55.0
170.0
55.0
164.0
55.0
158.0
55.0
151.0
55.0
145.0
56.0
140.0
56.0
133.0
57.0
128.0
57.0
122.0
58.0
116.0
59.0
111.0
59.0
105.0
59.0
98.0
58.0
92.0
58.0
86.0
58.0
80.0
58.0
74.0
58.0
68.0
58.0
62.0
