171.0
161.0
171.0
155.0
171.0
149.0
171.0
142.0
171.0
135.0
171.0
129.0
171.0
123.0
171.0
116.0
171.0
110.0
171.0
104.0
171.0
98.0
171.0
92.0
171.0
86.0
171.0
80.0
171.0
74.0
171.0
68.0
172.0
62.0
173.0
57.0
177.0
52.0
182.0
51.0
188.0
51.0
194.0
51.0
200.0
51.0
206.0
51.0
212.0
51.0
218.0
51.0
224.0
52.0
229.0
53.0
234.0
55.0
239.0
58.0
243.0
62.0
244.0
67.0
245.0
72.0
246.0
77.0
246.0
83.0
246.0
89.0
242.0
93.0
239.0
98.0
235.0
102.0
231.0
106.0
226.0
108.0
221.0
109.0
222.0
114.0
226.0
118.0
229.0
123.0
234.0
127.0
238.0
132.0
242.0
137.0
245.0
142.0
248.0
147.0
250.0
152.0
247.0
157.0
242.0
159.0
237.0
162.0
232.0
164.0
227.0
166.0
224.0
161.0
221.0
156.0
218.0
151.0
215.0
146.0
212.0
141.0
209.0
136.0
204.0
132.0
200.0
128.0
196.0
124.0
194.0
129.0
193.0
134.0
193.0
140.0
193.0
146.0
193.0
152.0
193.0
158.0
188.0
160.0
183.0
161.0
178.0
162.0
