583.0
128.0
589.0
128.0
595.0
128.0
601.0
128.0
607.0
128.0
613.0
128.0
619.0
128.0
625.0
128.0
630.0
129.0
636.0
129.0
642.0
129.0
648.0
129.0
654.0
129.0
660.0
129.0
664.0
124.0
667.0
119.0
668.0
114.0
669.0
109.0
669.0
103.0
669.0
97.0
668.0
92.0
667.0
87.0
665.0
82.0
663.0
77.0
659.0
72.0
655.0
67.0
650.0
63.0
645.0
60.0
640.0
58.0
635.0
56.0
630.0
53.0
625.0
52.0
620.0
51.0
615.0
50.0
609.0
50.0
603.0
50.0
597.0
50.0
591.0
50.0
585.0
52.0
580.0
53.0
576.0
57.0
572.0
61.0
570.0
66.0
566.0
71.0
563.0
76.0
561.0
81.0
558.0
86.0
555.0
91.0
554.0
97.0
552.0
102.0
551.0
108.0
551.0
114.0
551.0
120.0
550.0
125.0
550.0
131.0
550.0
137.0
550.0
143.0
550.0
149.0
550.0
155.0
550.0
161.0
550.0
167.0
550.0
173.0
550.0
179.0
553.0
184.0
557.0
188.0
563.0
190.0
568.0
191.0
573.0
192.0
579.0
194.0
584.0
195.0
589.0
196.0
595.0
196.0
601.0
196.0
607.0
196.0
613.0
196.0
620.0
196.0
627.0
196.0
632.0
198.0
638.0
198.0
644.0
198.0
649.0
197.0
653.0
193.0
658.0
190.0
660.0
185.0
661.0
180.0
661.0
174.0
662.0
169.0
663.0
164.0
658.0
161.0
653.0
160.0
648.0
159.0
642.0
159.0
642.0
165.0
641.0
170.0
637.0
174.0
632.0
177.0
626.0
178.0
620.0
178.0
614.0
178.0
607.0
178.0
601.0
177.0
596.0
176.0
591.0
174.0
588.0
169.0
587.0
164.0
584.0
159.0
582.0
154.0
581.0
149.0
581.0
143.0
581.0
137.0
