506.0
54.0
506.0
60.0
506.0
66.0
507.0
71.0
507.0
77.0
507.0
83.0
502.0
85.0
496.0
85.0
490.0
85.0
485.0
86.0
479.0
86.0
474.0
88.0
469.0
89.0
464.0
91.0
461.0
96.0
457.0
101.0
454.0
106.0
453.0
111.0
451.0
116.0
451.0
122.0
451.0
128.0
453.0
133.0
457.0
137.0
461.0
141.0
466.0
144.0
471.0
146.0
476.0
148.0
481.0
149.0
486.0
150.0
491.0
151.0
497.0
151.0
503.0
151.0
509.0
151.0
512.0
156.0
512.0
162.0
512.0
168.0
512.0
174.0
512.0
180.0
507.0
182.0
501.0
182.0
495.0
182.0
490.0
181.0
485.0
179.0
480.0
177.0
475.0
176.0
470.0
175.0
465.0
174.0
460.0
173.0
455.0
172.0
450.0
171.0
445.0
169.0
440.0
166.0
437.0
161.0
437.0
155.0
437.0
149.0
436.0
144.0
435.0
139.0
434.0
134.0
433.0
129.0
432.0
124.0
432.0
118.0
432.0
112.0
432.0
106.0
432.0
100.0
432.0
94.0
432.0
88.0
436.0
83.0
441.0
81.0
446.0
77.0
448.0
72.0
452.0
68.0
457.0
66.0
462.0
65.0
467.0
64.0
472.0
63.0
477.0
62.0
482.0
61.0
486.0
57.0
