52.0
49.0
92.0
49.0
98.0
49.0
104.0
49.0
110.0
49.0
116.0
49.0
121.0
50.0
124.0
55.0
127.0
60.0
130.0
65.0
131.0
70.0
133.0
75.0
133.0
82.0
132.0
87.0
129.0
92.0
124.0
96.0
119.0
99.0
114.0
101.0
110.0
105.0
115.0
108.0
120.0
109.0
125.0
111.0
130.0
115.0
134.0
119.0
138.0
123.0
142.0
129.0
143.0
134.0
144.0
139.0
144.0
145.0
143.0
150.0
140.0
155.0
136.0
159.0
131.0
160.0
126.0
161.0
120.0
161.0
113.0
161.0
107.0
161.0
101.0
161.0
95.0
161.0
89.0
161.0
83.0
161.0
77.0
161.0
71.0
160.0
65.0
160.0
59.0
160.0
55.0
156.0
55.0
150.0
55.0
144.0
55.0
138.0
55.0
132.0
55.0
125.0
55.0
119.0
55.0
113.0
55.0
107.0
55.0
101.0
55.0
95.0
55.0
89.0
55.0
83.0
55.0
77.0
55.0
71.0
55.0
65.0
55.0
59.0
