286.0
55.0
291.0
54.0
296.0
50.0
301.0
49.0
306.0
46.0
310.0
42.0
315.0
43.0
316.0
48.0
321.0
52.0
324.0
57.0
327.0
62.0
329.0
67.0
331.0
72.0
333.0
77.0
337.0
81.0
343.0
81.0
348.0
79.0
352.0
75.0
356.0
71.0
360.0
66.0
365.0
63.0
370.0
59.0
375.0
56.0
379.0
51.0
383.0
47.0
388.0
49.0
390.0
54.0
392.0
59.0
393.0
64.0
395.0
69.0
398.0
74.0
396.0
81.0
391.0
86.0
385.0
90.0
380.0
93.0
374.0
96.0
368.0
98.0
363.0
101.0
358.0
104.0
354.0
108.0
349.0
112.0
344.0
116.0
339.0
119.0
335.0
123.0
331.0
127.0
328.0
132.0
324.0
136.0
321.0
141.0
317.0
145.0
314.0
150.0
310.0
154.0
305.0
151.0
300.0
148.0
296.0
144.0
293.0
139.0
288.0
137.0
285.0
132.0
287.0
127.0
292.0
124.0
297.0
120.0
302.0
119.0
307.0
116.0
312.0
114.0
316.0
110.0
318.0
105.0
321.0
100.0
322.0
95.0
320.0
90.0
316.0
86.0
312.0
82.0
308.0
78.0
307.0
73.0
305.0
68.0
302.0
63.0
297.0
61.0
